points_file_name: 25_march_home_2_p2_3
points:
  - name: home
    date_time: 27apr_1525
    sequence: 1
    nature: home
    is_tf: false
    joints_values:
      joint1: 0
      joint2: 0.00006815791120357932
      joint3: 0
      joint4: 0
      joint5: 0
      joint6: 0
    coordinate:
      x: 8.799999999999999
      y: 0.01
      z: 204.99999999999997
      r: -90.38
      p: 89.96
      w: 89.71
    history:
      1: on 27apr_1525 previous [0.00000,0.00007,0.00000,0.00000,0.00000,0.00000] [8.80000,0.01000,205.00000,-90.38000,89.96000,89.71000] updated [0.00000,0.00007,0.00000,0.00000,0.00000,0.00000] [8.80000,0.01000,205.00000,-90.38000,89.96000,89.71000]
      Serial: on 27apr_1525 previous [0.00000,0.00007,0.00000,0.00000,0.00000,0.00000] [8.80000,0.01000,205.00000,-90.38000,89.96000,89.71000] updated [0.00000,0.00007,0.00000,0.00000,0.00000,0.00000] [8.80000,0.01000,205.00000,-90.38000,89.96000,89.71000]
