points_file_name: 25_march_home_2_p2_3_point3_3_point4
points:
  - name: home-tf
    date_time: 29apr_1332
    sequence: 1
    nature: home
    is_tf: true
    joints_values:
      joint1: 0.000054946726653724916
      joint2: -0.00009778077537193895
      joint3: -0.0000023277719970792526
      joint4: -0.00004613154851831496
      joint5: 0.00009105702377855777
      joint6: 0.0000986227309331298
    coordinate:
      x: 8.799999999999999
      y: -0.02
      z: 204.99999999999997
      r: -90.34
      p: 89.95
      w: 89.74
  - name: point2-tf
    date_time: 29apr_1333
    sequence: 1
    nature: point2
    is_tf: true
    joints_values:
      joint1: 0.00007347611255045241
      joint2: 0.6380861115612411
      joint3: 0.5217230532901443
      joint4: 0.0000040697012834514566
      joint5: 0.00004955109316913025
      joint6: 0.0000985782204946148
    coordinate:
      x: 8.799999999999999
      y: 45.4
      z: 192.63
      r: 89.91
      p: 83.37
      w: -90
